-0.6
-0.59916
-0.59666
-0.592515
-0.58675
-0.579411
-0.570542
-0.560206
-0.548477
-0.535429
-0.521153
-0.505743
-0.489297
-0.47193
-0.453752
-0.434877
-0.415428
-0.395522
-0.375282
-0.35483
-0.334281
-0.313755
-0.293364
-0.273214
-0.253412
-0.234054
-0.215226
-0.197018
-0.179496
-0.162727
-0.146766
-0.131656
-0.117438
-0.104135
-0.0917593
-0.0803189
-0.0698074
-0.060211
-0.0515081
-0.0436618
-0.036633
-0.0303743
-0.024827
-0.0199337
-0.015625
-0.0118267
-0.00846675
-0.00546531
-0.00274201
-0.000218242
0.002189
0.00455704
0.00696184
0.00947991
0.0121788
0.0151245
0.0183783
0.021991
0.0260127
0.0304813
0.0354256
0.0408707
0.0468291
0.0533058
0.0602994
0.067795
0.0757721
0.0842018
0.0930449
0.102258
0.111784
0.121564
0.131531
0.141612
0.151729
0.161804
0.171752
0.181487
0.190922
0.19997
0.208544
0.21656
0.223935
0.230592
0.236455
0.241456
0.245536
0.248639
0.250718
0.251735
0.251658
0.25047
0.24816
0.244727
0.24018
0.234539
0.227836
0.220112
0.211416
0.201808
0.191354
0.180136
0.168237
0.15575
0.142774
0.129413
0.115777
0.101979
0.0881339
0.0743603
0.0607752
0.0474967
0.0346415
0.0223216
0.0106479
-0.000272334
-0.01034
-0.0194624
-0.0275543
-0.0345389
-0.0403452
-0.0449138
-0.0481969
-0.050155
-0.0507622
-0.0500004
-0.0478595
-0.0443524
-0.039494
-0.0333137
-0.025852
-0.017155
-0.00728622
0.00368479
0.0156809
0.0286126
0.0423906
0.0569134
0.0720706
0.0877548
0.10385
0.120239
0.136806
0.153428
0.169989
0.186375
0.202468
0.218159
0.233345
0.247923
0.261803
0.274898
0.287125
0.298422
0.308723
0.31798
0.326154
0.333206
0.339121
0.343889
0.347506
0.349987
0.351346
0.351614
0.350831
0.34904
0.346297
0.342664
0.338202
0.332992
0.327109
0.320632
0.31365
0.306245
0.298505
0.290519
0.282366
0.274135
0.265905
0.257749
0.249744
0.241953
0.234435
0.227249
0.220435
0.214033
0.208073
0.202571
0.197545
0.192996
0.188916
0.185295
0.182106
0.179319
0.176899
0.174792
0.172947
0.171307
0.1698
0.16836
0.166913
0.165379
0.163682
0.16174
0.159471
0.156798
0.153639
0.149921
0.145572
0.140521
0.134709
0.128081
0.120586
0.112186
0.102845
0.0925395
0.0812576
0.0689912
0.0557479
0.0415431
0.0263964
0.01035
-0.00655207
-0.0242567
-0.0426962
-0.0618019
-0.0814889
-0.101666
-0.122239
-0.143103
-0.164148
-0.185265
-0.206333
-0.227234
-0.24785
-0.268056
-0.287734
-0.306763
-0.325027
-0.342414
-0.358814
-0.374123
-0.388251
-0.401106
-0.41261
-0.422693
-0.43129
-0.438354
-0.443844
-0.447731
-0.45
-0.450634
-0.449646
-0.447056
-0.442888
-0.437185
-0.429992
-0.421372
-0.411396
-0.400142
-0.387697
-0.374154
-0.359615
-0.344189
-0.327989
-0.311128
-0.293726
-0.275902
-0.257778
-0.239474
-0.221107
-0.202793
-0.184645
-0.16677
-0.149272
-0.132247
-0.115782
-0.0999625
-0.0848583
-0.0705329
-0.057041
-0.0444271
-0.032728
-0.0219672
-0.0121584
-0.003306
0.00459573
0.0115604
0.0176131
0.0227884
0.0271275
0.0306805
0.0335024
0.0356551
0.0372087
0.0382348
0.0388101
0.0390135
0.0389251
0.0386273
0.0382007
0.0377245
0.037278
0.0369336
0.0367631
0.0368339
0.0372046
0.0379303
0.0390605
0.0406327
0.0426797
0.045224
0.0482799
0.0518561
0.0559472
0.0605421
0.0656218
0.0711551
0.0771068
0.0834325
0.0900761
0.0969805
0.104078
0.111297
0.118563
0.125794
0.132908
0.139821
0.146444
0.152694
0.158484
0.163727
0.168347
0.172264
0.175401
0.177697
0.179087
0.179518
0.178948
0.177333
0.174646
0.17087
0.165992
0.160017
0.152952
0.144815
0.135644
0.125475
0.114361
0.102364
0.0895481
0.0759964
0.0617937
0.0470312
0.031813
0.0162391
0.000420906
-0.0155244
-0.0314851
-0.047341
-0.0629729
-0.0782653
-0.0930981
-0.107359
-0.12094
-0.133728
-0.145626
-0.156542
-0.166388
-0.175088
-0.182571
-0.188775
-0.193655
-0.197168
-0.199288
-0.2
-0.199288
-0.197168
-0.193655
-0.188775
-0.182571
-0.175088
-0.166388
-0.156542
-0.145626
-0.133727
-0.12094
-0.107359
-0.093098
-0.0782653
-0.0629729
-0.047341
-0.0314851
-0.0155245
0.000420757
0.0162389
0.0318127
0.0470309
0.0617934
0.075996
0.0895476
0.102364
0.114361
0.125474
0.135643
0.144814
0.152951
0.160016
0.165991
0.170869
0.174645
0.177331
0.178946
0.179517
0.179085
0.177695
0.175399
0.172262
0.168345
0.163725
0.158481
0.152692
0.146442
0.139818
0.132905
0.125791
0.11856
0.111294
0.104075
0.0969776
0.0900732
0.0834295
0.0771037
0.071152
0.0656186
0.0605388
0.0559439
0.0518526
0.0482764
0.0452204
0.042676
0.0406289
0.0390567
0.0379265
0.0372007
0.0368299
0.0367591
0.0369295
0.0372739
0.0377204
0.0381965
0.0386231
0.0389209
0.0390093
0.0388058
0.0382306
0.0372044
0.0356508
0.0334982
0.0306762
0.0271232
0.022784
0.0176087
0.011556
0.00459132
-0.00331043
-0.0121629
-0.0219718
-0.0327327
-0.0444318
-0.0570458
-0.0705377
-0.0848631
-0.0999673
-0.115787
-0.132251
-0.149277
-0.166775
-0.184649
-0.202797
-0.221111
-0.239478
-0.257783
-0.275907
-0.29373
-0.311132
-0.327993
-0.344193
-0.359619
-0.374158
-0.3877
-0.400145
-0.411399
-0.421375
-0.429995
-0.437187
-0.442891
-0.447058
-0.449649
-0.450636
-0.450002
-0.447733
-0.443846
-0.438355
-0.431291
-0.422694
-0.412611
-0.401107
-0.388252
-0.374124
-0.358815
-0.342414
-0.325027
-0.306763
-0.287734
